camera_count = 5
creation_date = 2024-12-24T10:10:22.505853
fps_sync_stream_processing = 100
save_tracked_points_video = true

[cam_1]
port = 1
rotation_count = 0
error = 0.947
exposure = "null"
grid_count = 15
size = [1200, 1000]
matrix = [[1065.6464119500156, 0.0, 594.9244404795744], [0.0, 1069.697213160575, 1032.0917875235464], [0.0, 0.0, 1.0]]
distortions = [-0.0743569088953421, 0.08911365042804215, 0.014433699527921971, -0.0018340566257752937, -0.03392423042265253]
translation = [-0.2809251473513426, -0.2687971112362071, 0.4992028134096219]
rotation = [1.6435184479539793, -0.6032046357193365, 0.6554562485001326]

[cam_2]
port = 2
rotation_count = 0
error = 1.356
exposure = "null"
grid_count = 20
size = [1200, 1000]
matrix = [[1070.1185683202832, 0.0, 606.8494665757356], [0.0, 1077.9090449363268, 1039.6330973613078], [0.0, 0.0, 1.0]]
distortions = [-0.054142922627783995, 0.0717459873204249, 0.016338209857652185, 0.001171403807173858, -0.022263038947324596]
translation = [-0.09929174407038457, -0.2504083035403483, 0.12397045759941597]
rotation = [0.7512850391108998, -1.760035268602513, 1.872823639508345]

[cam_3]
port = 3
rotation_count = 0
error = 1.444
exposure = "null"
grid_count = 20
size = [1200, 1200]
matrix = [[1072.923990914642, 0.0, 562.2536187482988], [0.0, 1072.387073365067, 676.4452242459258], [0.0, 0.0, 1.0]]
distortions = [-0.13842382445668575, 0.5559134855405597, 0.013542484723428857, -0.0042103686146866244, -0.8687284755038788]
translation = [0.11262680245918799, 0.2559747563382109, 0.5079599840205314]
rotation = [0.1463106738499313, 0.0347799407707982, -0.7735737681389272]

[cam_4]
port = 4
rotation_count = 0
error = 1.986
exposure = "null"
grid_count = 20
size = [1200, 1000]
matrix = [[1053.5148265262767, 0.0, 645.5572605201047], [0.0, 1068.7724947925317, 1037.213844905567], [0.0, 0.0, 1.0]]
distortions = [0.03013610818986503, -0.07300060564672974, 0.024783330371109163, 0.006728076455183971, 0.05844578368610021]
translation = [0.07100764201352783, -0.2683548022531323, 0.6958529622772979]
rotation = [1.6568591761783102, 0.5884789635978233, -0.6358409612875203]

[cam_5]
port = 5
rotation_count = 0
error = 1.182
exposure = "null"
grid_count = 20
size = [1200, 1000]
matrix = [[1041.014634842652, 0.0, 605.3793657462974], [0.0, 1048.9532864833, 906.3519638858226], [0.0, 0.0, 1.0]]
distortions = [-0.12252977623045429, 0.2856748341065929, -0.01305912353019955, 0.002265808627477241, -0.20858197862167177]
translation = [0.2821712188072591, -0.19983553879494714, 0.33580845330078224]
rotation = [0.739952929417036, 1.5914831697704481, -1.9352746107917878]

[capture_volume]
stage = 2
origin_sync_index = 166

[charuco]
columns = 5
rows = 7
board_height = 5.0
board_width = 4.0
dictionary = "DICT_4X4_50"
units = "inch"
aruco_scale = 0.75
square_size_overide_cm = 5.4
inverted = false
legacy_pattern = false
